0 3 0 4 0 0 16 0 0 9 0 0 10 0 0 0
5 7 0 0 9 1 0 0 11 0 0 12 0 0 0 0
0 0 2 0 13 15 0 8 0 0 7 16 5 0 9 0
0 0 0 13 6 0 4 0 15 0 5 1 0 0 0 0
0 16 0 10 15 13 0 0 0 0 0 0 0 0 0 0
9 2 13 5 0 12 0 10 0 0 0 0 0 0 0 16
0 0 0 0 11 0 0 0 0 0 0 6 7 1 0 13
6 0 0 0 5 16 0 0 0 8 0 0 0 11 0 9
0 9 0 0 0 10 0 12 0 5 0 4 16 0 0 2
12 4 0 0 0 8 9 3 0 6 14 0 0 0 15 0
1 0 0 16 0 4 6 0 3 0 15 0 0 0 0 0
0 0 14 6 7 5 0 0 0 2 0 0 1 0 4 0
0 0 12 0 0 0 0 0 0 0 9 0 15 0 11 6
0 0 0 8 12 0 0 15 0 16 0 0 0 2 7 0
13 0 0 14 0 0 1 0 0 0 0 0 0 8 16 0
0 0 10 0 0 0 2 0 0 0 11 7 0 13 0 3
