0 1 0 0 0 0 0 0 0 0 0 0 15 14 0 0
0 0 0 0 0 1 0 0 8 0 14 2 6 0 0 0
14 15 8 0 11 6 5 3 0 0 12 0 0 1 0 0
11 0 0 0 0 12 0 0 9 0 0 7 0 3 0 2
0 0 5 0 0 11 0 0 0 0 0 10 0 0 0 15
0 3 10 0 0 0 0 2 11 0 0 16 0 0 14 1
0 0 0 0 0 0 15 0 0 0 0 13 0 7 4 0
0 7 0 0 16 0 0 6 0 0 0 0 0 11 12 10
10 0 4 6 5 16 0 0 0 14 0 1 0 0 9 8
0 13 0 12 6 7 2 0 0 0 0 0 11 0 0 0
0 0 0 3 0 0 10 4 0 0 9 0 0 0 0 0
1 0 0 5 0 0 8 0 0 0 0 15 0 0 0 0
0 0 0 15 9 0 0 10 3 8 13 0 16 0 2 12
0 0 3 0 0 0 11 0 0 15 1 9 14 0 13 0
0 0 0 7 13 0 14 1 2 0 16 0 0 0 15 5
0 2 12 0 0 0 0 0 0 5 0 0 0 0 8 0
